126, 18.34, .21
126, -37.74, .21
126, 46.23, .21
126, 60.10, .21
126, 63.00, .21
126, 59.19, .21
126, 63.00, .21
126, 68.53, .21
126, 68.53, .21
126, 74.40, .21
126, 74.40, .21
126, 68.53, .21
126, 71.02, .21
126, 70.38, .21
126, 78.12, .21
126, 65.65, .21
126, 79.72, .21
126, 67.93, .21
126, 71.67, .21
126, 73.70, .21
126, 67.35, .21
126, 67.93, .21
126, 69.14, .21
126, 69.14, .21
126, 69.75, .21
126, 78.12, .21
126, 76.59, .21
126, 85.85, .21
126, 71.02, .21
126, 76.59, .21
126, 75.85, .21
126, 77.35, .21
126, 74.40, .21
126, 79.72, .21
126, 80.54, .21
126, 78.91, .21
126, 75.12, .21
126, 76.59, .21
126, 73.01, .21
126, 86.81, .21
126, 78.12, .21
126, 80.54, .21
126, 73.70, .21
126, 71.02, .21
126, 84.92, .21
126, 75.12, .21
126, 73.70, .21
126, 80.54, .21
126, 75.85, .21
126, 80.54, .21
126, 71.67, .21
126, 81.38, .21
126, 77.35, .21
126, 78.12, .21
126, 74.40, .21
126, 77.35, .21
126, 73.70, .21
126, 75.85, .21
126, 73.70, .21
126, 87.78, .21
126, 73.70, .21
126, 79.72, .21
126, 72.34, .21
126, 77.35, .21
126, 83.11, .21
126, 83.11, .21
126, 77.35, .21
126, 82.24, .21
126, 78.12, .21
126, 76.59, .21
126, 72.34, .21
126, 78.91, .21
126, 78.91, .21
126, 74.40, .21
126, 73.70, .21
126, 73.70, .21
126, 73.70, .21
126, 74.40, .21
126, 76.59, .21
126, 76.59, .21
126, 71.02, .21
126, 71.02, .21
126, 78.12, .21
126, 82.24, .21
126, 71.67, .21
126, 82.24, .21
126, 85.85, .21
126, 73.01, .21
126, 78.12, .21
126, 87.78, .21
126, 86.81, .21
126, 78.91, .21
126, 83.11, .21
126, 73.70, .21
126, 83.11, .21
126, 78.91, .21
126, 75.12, .21
126, 78.12, .21
126, 74.40, .21
126, 75.12, .21
126, 82.24, .21
126, 81.38, .21
126, 73.01, .21
126, 76.59, .21
126, 71.02, .21
126, 78.12, .21
126, 76.59, .21
126, 85.85, .21
126, 71.02, .21
126, 75.85, .21
126, 75.12, .21
126, 82.24, .21
126, 83.11, .21
126, 78.12, .21
126, 78.91, .21
126, 79.72, .21
126, 78.12, .21
126, 74.40, .21
126, 76.59, .21
126, 73.01, .21
126, 86.81, .21
126, 72.34, .21
126, 79.72, .21
126, 74.40, .21
126, 70.38, .21
126, 84.01, .21
126, 74.40, .21
126, 75.12, .21
126, 75.12, .21
126, 72.34, .21
126, 71.67, .21
126, 71.67, .21
126, 71.02, .21
126, 71.02, .21
126, 71.67, .21
126, 71.67, .21
126, 72.34, .21
126, 79.72, .21
126, 79.72, .21
126, 75.12, .21
126, 80.54, .21
126, 71.67, .21
126, 76.59, .21
126, 78.12, .21
126, 79.72, .21
126, 83.11, .21
126, 75.12, .21
126, 77.35, .21
126, 73.70, .21
126, 88.78, .21
126, 80.54, .21
126, 75.85, .21
126, 86.81, .21
126, 79.72, .21
126, 83.11, .21
126, 83.11, .21
126, 82.24, .21
126, 78.12, .21
126, 78.12, .21
126, 80.54, .21
126, 76.59, .21
126, 78.91, .21
126, 72.34, .21
126, 78.12, .21
126, 81.38, .21
126, 71.67, .21
126, 82.24, .21
126, 84.92, .21
126, 77.35, .21
126, 79.72, .21
126, 78.12, .21
126, 86.81, .21
126, 77.35, .21
126, 76.59, .21
126, 78.12, .21
126, 74.40, .21
126, 78.91, .21
126, 80.54, .21
126, 83.11, .21
126, 80.54, .21
126, 78.91, .21
126, 75.12, .21
126, 71.02, .21
126, 80.54, .21
126, 71.67, .21
126, 71.02, .21
126, 70.38, .21
126, 81.38, .21
126, 81.38, .21
126, 70.38, .21
126, 69.75, .21
126, 69.75, .21
126, 70.38, .21
126, 71.02, .21
126, 83.11, .21
126, 83.11, .21
126, 75.85, .21
126, 71.67, .21
126, 78.12, .21
126, 74.40, .21
126, 86.81, .21
126, 76.59, .21
126, 76.59, .21
126, 78.12, .21
126, 79.72, .21
126, 81.38, .21
126, 76.59, .21
126, 82.24, .21
126, 77.35, .21
126, 84.92, .21
126, 87.78, .21
126, 81.38, .21
126, 75.85, .21
126, 71.67, .21
126, 76.59, .21
126, 75.85, .21
126, 75.12, .21
126, 81.38, .21
126, 71.67, .21
126, 80.54, .21
126, 77.35, .21
126, 77.35, .21
126, 73.01, .21
126, 80.54, .21
126, 79.72, .21
126, 73.70, .21
126, 75.85, .21
126, 73.01, .21
126, 74.40, .21
126, 79.72, .21
126, 79.72, .21
126, 87.78, .21
126, 78.12, .21
126, 77.35, .21
126, 84.01, .21
126, 78.12, .21
126, 78.91, .21
126, 78.91, .21
126, 81.38, .21
126, 79.72, .21
126, 72.34, .21
126, 77.35, .21
126, 72.34, .21
126, 72.34, .21
126, 71.67, .21
126, 78.12, .21
126, 78.12, .21
126, 71.67, .21
126, 71.67, .21
126, 78.91, .21
126, 79.72, .21
126, 80.54, .21
126, 69.75, .21
126, 80.54, .21
126, 72.34, .21
126, 84.92, .21
126, 77.35, .21
126, 80.54, .21
126, 75.12, .21
126, 73.01, .21
126, 78.91, .21
126, 84.92, .21
126, 75.12, .21
126, 80.54, .21
126, 80.54, .21
126, 79.72, .21
126, 81.38, .21
126, 84.92, .21
126, 75.12, .21
126, 78.91, .21
126, 80.54, .21
126, 74.40, .21
126, 71.02, .21
126, 85.85, .21
126, 77.35, .21
126, 73.70, .21
126, 81.38, .21
126, 75.85, .21
126, 80.54, .21
126, 75.85, .21
126, 80.54, .21
126, 78.12, .21
126, 78.12, .21
126, 81.38, .21
126, 80.54, .21
126, 79.72, .21
126, 84.01, .21
126, 75.85, .21
126, 78.91, .21
126, 79.72, .21
126, 88.78, .21
126, 78.12, .21
126, 77.35, .21
126, 78.12, .21
168, -101.46, .30
168, 223.21, .30
168, -57.03, .30
168, -66.21, .30
168, -78.91, .30
168, -81.38, .30
168, -84.92, .30
168, -90.84, .30
168, -93.01, .30
168, -91.91, .30
168, -105.57, .30
168, 372.02, .30
168, -2604.17, .30
168, -111.61, .30
168, -97.66, .30
168, -98.89, .30
168, -98.89, .30
168, -1953.13, .30
168, -95.27, .30
168, -110.04, .30
168, -130.21, .30
168, -244.14, .30
168, 110.04, .30
168, -97.66, .30
168, -98.89, .30
168, -312.50, .30
168, -2604.17, .30
168, -102.80, .30
168, -100.16, .30
168, -1953.13, .30
168, -1116.07, .30
168, -976.56, .30
168, -101.46, .30
168, -101.46, .30
168, -98.89, .30
168, -122.07, .30
168, 150.24, .30
168, -110.04, .30
168, -102.80, .30
168, -411.18, .30
168, -166.22, .30
168, -110.04, .30
168, -104.17, .30
168, -98.89, .30
168, -269.40, .30
168, -98.89, .30
168, -98.89, .30
168, -98.89, .30
168, -101.46, .30
168, -105.57, .30
168, -113.22, .30
168, -110.04, .30
168, -107.02, .30
168, -102.80, .30
168, -1953.13, .30
168, -651.04, .30
168, -98.89, .30
168, -98.89, .30
168, -111.61, .30
168, 101.46, .30
168, -459.56, .30
168, -96.45, .30
168, -104.17, .30
168, 181.69, .30
168, 244.14, .30
168, -289.35, .30
168, -100.16, .30
168, -101.46, .30
168, 134.70, .30
168, -1953.13, .30
168, -300.48, .30
168, -108.51, .30
168, -1562.50, .30
168, -93.01, .30
168, -107.02, .30
168, -110.04, .30
168, -100.16, .30
168, -89.80, .30
168, -520.83, .30
168, -111.61, .30
168, -97.66, .30
168, -93.01, .30
168, -868.06, .30
168, -355.11, .30
168, -101.46, .30
168, -434.03, .30
168, -137.06, .30
168, -102.80, .30
168, -110.04, .30
168, -101.46, .30
168, 390.63, .30
168, -150.24, .30
168, -104.17, .30
168, -97.66, .30
168, -100.16, .30
168, -94.13, .30
168, -269.40, .30
168, -98.89, .30
168, -107.02, .30
168, -459.56, .30
168, -113.22, .30
168, -144.68, .30
168, -100.16, .30
168, -101.46, .30
168, -104.17, .30
168, -108.51, .30
168, -104.17, .30
168, 1116.07, .30
168, -372.02, .30
168, -102.80, .30
168, -312.50, .30
168, -100.16, .30
168, -98.89, .30
168, -105.57, .30
168, -101.46, .30
168, -300.48, .30
168, -97.66, .30
168, -95.27, .30
168, 126.01, .30
168, 390.63, .30
168, -95.27, .30
168, -105.57, .30
168, -2604.17, .30
168, 118.37, .30
168, -153.19, .30
168, -101.46, .30
168, -102.80, .30
168, -100.16, .30
168, -100.16, .30
168, 126.01, .30
168, -190.55, .30
168, -101.46, .30
168, -1116.07, .30
168, -105.57, .30
168, -156.25, .30
168, -95.27, .30
168, -1953.13, .30
168, -102.80, .30
168, -107.02, .30
168, -101.46, .30
168, -111.61, .30
168, -2604.17, .30
168, -2604.17, .30
168, -108.51, .30
168, -108.51, .30
168, -97.66, .30
168, -111.61, .30
168, 120.19, .30
168, -162.76, .30
168, -93.01, .30
168, -102.80, .30
168, -110.04, .30
168, -100.16, .30
168, 2604.17, .30
168, -229.78, .30
168, -96.45, .30
168, -104.17, .30
168, -96.45, .30
168, -100.16, .30
168, -95.27, .30
168, -252.02, .30
168, -101.46, .30
168, -95.27, .30
168, -488.28, .30
168, -108.51, .30
168, -95.27, .30
168, -98.89, .30
168, 159.44, .30
168, -600.96, .30
168, -100.16, .30
168, -169.84, .30
168, -98.89, .30
168, -107.02, .30
168, 190.55, .30
168, -102.80, .30
168, -111.61, .30
168, -101.46, .30
168, -110.04, .30
168, -113.22, .30
168, 128.07, .30
168, 300.48, .30
168, -110.04, .30
168, -97.66, .30
168, 181.69, .30
168, -169.84, .30
168, -98.89, .30
168, -97.66, .30
168, -269.40, .30
168, -105.57, .30
168, -104.17, .30
168, -107.02, .30
168, -96.45, .30
168, -105.57, .30
168, 169.84, .30
168, 289.35, .30
168, -97.66, .30
168, -98.89, .30
168, -105.57, .30
168, -173.61, .30
168, -96.45, .30
168, -101.46, .30
168, -488.28, .30
168, -100.16, .30
168, -110.04, .30
168, -110.04, .30
168, -312.50, .30
168, -114.89, .30
168, -107.02, .30
168, -95.27, .30
168, -111.61, .30
168, -1302.08, .30
168, 260.42, .30
168, -93.01, .30
168, -101.46, .30
168, -102.80, .30
168, -260.42, .30
168, -96.45, .30
168, -101.46, .30
168, -100.16, .30
168, -104.17, .30
168, -110.04, .30
168, 156.25, .30
168, 390.63, .30
168, -169.84, .30
168, -113.22, .30
168, -98.89, .30
168, -97.66, .30
168, -142.05, .30
168, -126.01, .30
168, -104.17, .30
168, -108.51, .30
168, -104.17, .30
168, 144.68, .30
168, -488.28, .30
168, -558.04, .30
168, -97.66, .30
168, -105.57, .30
168, 976.56, .30
168, -153.19, .30
168, -108.51, .30
168, -97.66, .30
168, -111.61, .30
168, 781.25, .30
168, 244.14, .30
168, -120.19, .30
168, -107.02, .30
168, -107.02, .30
168, -100.16, .30
168, -94.13, .30
168, -244.14, .30
168, -100.16, .30
168, -98.89, .30
168, -558.04, .30
168, -113.22, .30
168, -976.56, .30
168, -100.16, .30
168, -101.46, .30
168, -102.80, .30
168, -108.51, .30
168, -97.66, .30
210, -29.71, .35
210, -11.66, .35
210, 25.87, .35
210, 47.93, .35
210, 71.67, .35
210, 86.81, .35
210, 90.84, .35
210, 107.02, .35
210, 101.46, .35
210, 116.60, .35
210, 114.89, .35
210, 114.89, .35
210, 132.42, .35
210, 130.21, .35
210, 130.21, .35
210, 134.70, .35
210, 130.21, .35
210, 130.21, .35
210, 122.07, .35
210, 128.07, .35
210, 122.07, .35
210, 144.68, .35
210, 139.51, .35
210, 142.05, .35
210, 132.42, .35
210, 134.70, .35
210, 130.21, .35
210, 132.42, .35
210, 132.42, .35
210, 137.06, .35
210, 137.06, .35
210, 137.06, .35
210, 132.42, .35
210, 132.42, .35
210, 130.21, .35
210, 124.01, .35
210, 139.51, .35
210, 128.07, .35
210, 122.07, .35
210, 128.07, .35
210, 139.51, .35
210, 124.01, .35
210, 134.70, .35
210, 147.41, .35
210, 147.41, .35
210, 128.07, .35
210, 139.51, .35
210, 126.01, .35
210, 130.21, .35
210, 134.70, .35
210, 134.70, .35
210, 139.51, .35
210, 130.21, .35
210, 137.06, .35
210, 132.42, .35
210, 142.05, .35
210, 144.68, .35
210, 132.42, .35
210, 132.42, .35
210, 130.21, .35
210, 142.05, .35
210, 132.42, .35
210, 130.21, .35
210, 130.21, .35
210, 144.68, .35
210, 134.70, .35
210, 142.05, .35
210, 124.01, .35
210, 128.07, .35
210, 128.07, .35
210, 132.42, .35
210, 130.21, .35
210, 134.70, .35
210, 132.42, .35
210, 137.06, .35
210, 134.70, .35
210, 144.68, .35
210, 130.21, .35
210, 126.01, .35
210, 139.51, .35
210, 139.51, .35
210, 130.21, .35
210, 130.21, .35
210, 124.01, .35
210, 147.41, .35
210, 132.42, .35
210, 134.70, .35
210, 139.51, .35
210, 142.05, .35
210, 126.01, .35
210, 137.06, .35
210, 137.06, .35
210, 128.07, .35
210, 134.70, .35
210, 139.51, .35
210, 126.01, .35
210, 137.06, .35
210, 132.42, .35
210, 139.51, .35
210, 126.01, .35
210, 132.42, .35
210, 130.21, .35
210, 132.42, .35
210, 150.24, .35
210, 150.24, .35
210, 126.01, .35
210, 147.41, .35
210, 144.68, .35
210, 130.21, .35
210, 137.06, .35
210, 122.07, .35
210, 144.68, .35
210, 128.07, .35
210, 124.01, .35
210, 142.05, .35
210, 134.70, .35
210, 128.07, .35
210, 139.51, .35
210, 139.51, .35
210, 134.70, .35
210, 139.51, .35
210, 139.51, .35
210, 132.42, .35
210, 134.70, .35
210, 142.05, .35
210, 137.06, .35
210, 128.07, .35
210, 142.05, .35
210, 126.01, .35
210, 120.19, .35
210, 144.68, .35
210, 139.51, .35
210, 139.51, .35
210, 134.70, .35
210, 128.07, .35
210, 137.06, .35
210, 137.06, .35
210, 142.05, .35
210, 130.21, .35
210, 134.70, .35
210, 134.70, .35
210, 142.05, .35
210, 126.01, .35
210, 132.42, .35
210, 130.21, .35
210, 132.42, .35
210, 144.68, .35
210, 147.41, .35
210, 130.21, .35
210, 134.70, .35
210, 139.51, .35
210, 124.01, .35
210, 134.70, .35
210, 144.68, .35
210, 139.51, .35
210, 128.07, .35
210, 126.01, .35
210, 126.01, .35
210, 130.21, .35
210, 124.01, .35
210, 139.51, .35
210, 130.21, .35
210, 124.01, .35
210, 147.41, .35
210, 132.42, .35
210, 139.51, .35
210, 139.51, .35
210, 126.01, .35
210, 137.06, .35
210, 137.06, .35
210, 147.41, .35
210, 126.01, .35
210, 124.01, .35
210, 139.51, .35
210, 134.70, .35
210, 137.06, .35
210, 134.70, .35
210, 130.21, .35
210, 134.70, .35
210, 137.06, .35
210, 134.70, .35
210, 134.70, .35
210, 144.68, .35
210, 132.42, .35
210, 139.51, .35
210, 139.51, .35
210, 130.21, .35
210, 120.19, .35
210, 134.70, .35
210, 142.05, .35
210, 122.07, .35
210, 132.42, .35
210, 134.70, .35
210, 128.07, .35
210, 134.70, .35
210, 134.70, .35
210, 142.05, .35
210, 132.42, .35
210, 134.70, .35
210, 128.07, .35
210, 139.51, .35
210, 132.42, .35
210, 132.42, .35
210, 130.21, .35
210, 144.68, .35
210, 144.68, .35
210, 132.42, .35
210, 137.06, .35
210, 134.70, .35
210, 144.68, .35
210, 130.21, .35
210, 142.05, .35
210, 142.05, .35
210, 126.01, .35
210, 130.21, .35
210, 134.70, .35
210, 134.70, .35
210, 128.07, .35
210, 128.07, .35
210, 124.01, .35
210, 128.07, .35
210, 142.05, .35
210, 128.07, .35
210, 122.07, .35
210, 144.68, .35
210, 142.05, .35
210, 126.01, .35
210, 142.05, .35
210, 130.21, .35
210, 134.70, .35
210, 130.21, .35
210, 137.06, .35
210, 137.06, .35
210, 132.42, .35
210, 134.70, .35
210, 142.05, .35
210, 126.01, .35
210, 132.42, .35
210, 142.05, .35
210, 132.42, .35
210, 134.70, .35
210, 134.70, .35
210, 134.70, .35
210, 147.41, .35
210, 126.01, .35
210, 150.24, .35
210, 128.07, .35
210, 122.07, .35
210, 144.68, .35
210, 122.07, .35
210, 132.42, .35
210, 130.21, .35
210, 132.42, .35
210, 139.51, .35
210, 124.01, .35
210, 132.42, .35
210, 130.21, .35
210, 132.42, .35
210, 134.70, .35
210, 147.41, .35
210, 126.01, .35
210, 147.41, .35
210, 128.07, .35
210, 137.06, .35
210, 132.42, .35
210, 128.07, .35
210, 124.01, .35
210, 130.21, .35
210, 126.01, .35
210, 137.06, .35
210, 139.51, .35
210, 130.21, .35
210, 134.70, .35
252, 64.57, .43
252, 38.68, .43
252, -64.57, .43
252, -558.04, .43
252, -59.19, .43
252, 488.28, .43
252, -73.70, .43
252, 142.05, .43
252, -1953.13, .43
252, -113.22, .43
252, -159.44, .43
252, -134.70, .43
252, -134.70, .43
252, -137.06, .43
252, -153.19, .43
252, -355.11, .43
252, -144.68, .43
252, -147.41, .43
252, -147.41, .43
252, -150.24, .43
252, -162.76, .43
252, -144.68, .43
252, -142.05, .43
252, -156.25, .43
252, -169.84, .43
252, -1302.08, .43
252, -2604.17, .43
252, -153.19, .43
252, -269.40, .43
252, -156.25, .43
252, -217.01, .43
252, -166.22, .43
252, -144.68, .43
252, -142.05, .43
252, -156.25, .43
252, -156.25, .43
252, -868.06, .43
252, -1562.50, .43
252, -162.76, .43
252, -411.18, .43
252, -153.19, .43
252, -169.84, .43
252, -159.44, .43
252, -150.24, .43
252, -162.76, .43
252, -411.18, .43
252, -153.19, .43
252, -159.44, .43
252, -153.19, .43
252, -162.76, .43
252, -169.84, .43
252, -150.24, .43
252, -1116.07, .43
252, -156.25, .43
252, -150.24, .43
252, -300.48, .43
252, -1562.50, .43
252, -1116.07, .43
252, -159.44, .43
252, -2604.17, .43
252, -159.44, .43
252, -153.19, .43
252, -169.84, .43
252, -144.68, .43
252, -162.76, .43
252, -153.19, .43
252, -162.76, .43
252, -169.84, .43
252, -144.68, .43
252, -156.25, .43
252, -147.41, .43
252, -162.76, .43
252, -169.84, .43
252, -169.84, .43
252, -144.68, .43
252, -651.04, .43
252, -600.96, .43
252, -173.61, .43
252, -153.19, .43
252, -162.76, .43
252, -144.68, .43
252, -142.05, .43
252, -150.24, .43
252, -166.22, .43
252, 156.25, .43
252, -177.56, .43
252, -144.68, .43
252, -159.44, .43
252, -153.19, .43
252, -162.76, .43
252, -144.68, .43
252, -150.24, .43
252, -156.25, .43
252, -166.22, .43
252, -159.44, .43
252, -153.19, .43
252, -153.19, .43
252, -153.19, .43
252, -156.25, .43
252, -166.22, .43
252, -173.61, .43
252, -211.15, .43
252, -156.25, .43
252, -150.24, .43
252, -162.76, .43
252, -166.22, .43
252, -153.19, .43
252, 390.63, .43
252, -169.84, .43
252, -169.84, .43
252, -166.22, .43
252, -166.22, .43
252, -156.25, .43
252, -1953.13, .43
252, -520.83, .43
252, -976.56, .43
252, -153.19, .43
252, -144.68, .43
252, -156.25, .43
252, -153.19, .43
252, -166.22, .43
252, -156.25, .43
252, -166.22, .43
252, -325.52, .43
252, -153.19, .43
252, -166.22, .43
252, -142.05, .43
252, -150.24, .43
252, -166.22, .43
252, -156.25, .43
252, -156.25, .43
252, -868.06, .43
252, -159.44, .43
252, -710.23, .43
252, -159.44, .43
252, -153.19, .43
252, -159.44, .43
252, -153.19, .43
252, 2604.17, .43
252, -153.19, .43
252, -1116.07, .43
252, -252.02, .43
252, -195.31, .43
252, -162.76, .43
252, -153.19, .43
252, -162.76, .43
252, -156.25, .43
252, -156.25, .43
252, -710.23, .43
252, -2604.17, .43
252, -144.68, .43
252, -156.25, .43
252, -236.74, .43
252, -147.41, .43
252, -153.19, .43
252, -162.76, .43
252, -166.22, .43
252, -1562.50, .43
252, -153.19, .43
252, -144.68, .43
252, -411.18, .43
252, -1953.13, .43
252, -156.25, .43
252, -159.44, .43
252, -153.19, .43
252, -153.19, .43
252, -159.44, .43
252, -144.68, .43
252, -459.56, .43
252, 558.04, .43
252, -156.25, .43
252, -156.25, .43
252, -166.22, .43
252, -153.19, .43
252, -153.19, .43
252, -1953.13, .43
252, 150.24, .43
252, -190.55, .43
252, -142.05, .43
252, -142.05, .43
252, -150.24, .43
252, -166.22, .43
252, -150.24, .43
252, 976.56, .43
252, -162.76, .43
252, -153.19, .43
252, -173.61, .43
252, -156.25, .43
252, -153.19, .43
252, 252.02, .43
252, -289.35, .43
252, -181.69, .43
252, -159.44, .43
252, -169.84, .43
252, -150.24, .43
252, -153.19, .43
252, -156.25, .43
252, -300.48, .43
252, -1116.07, .43
252, -868.06, .43
252, -279.02, .43
252, -159.44, .43
252, -153.19, .43
252, -156.25, .43
252, -142.05, .43
252, -156.25, .43
252, -162.76, .43
252, -1953.13, .43
252, 710.23, .43
252, -159.44, .43
252, -153.19, .43
252, -166.22, .43
252, -156.25, .43
252, -169.84, .43
252, -159.44, .43
252, 651.04, .43
252, -153.19, .43
252, -159.44, .43
252, -153.19, .43
252, -162.76, .43
252, -169.84, .43
252, -2604.17, .43
252, -411.18, .43
252, 459.56, .43
252, -156.25, .43
252, -150.24, .43
252, -153.19, .43
252, -166.22, .43
252, -434.03, .43
252, 520.83, .43
252, -153.19, .43
252, -156.25, .43
252, -150.24, .43
252, -153.19, .43
252, -162.76, .43
252, -166.22, .43
252, -147.41, .43
252, -166.22, .43
252, -153.19, .43
252, -153.19, .43
252, -162.76, .43
252, -166.22, .43
252, 156.25, .43
252, -169.84, .43
252, -162.76, .43
252, -156.25, .43
252, -156.25, .43
252, -162.76, .43
252, -169.84, .43
252, -156.25, .43
252, -244.14, .43
252, -2604.17, .43
252, -1562.50, .43
252, 1116.07, .43
252, -147.41, .43
294, -70.38, .08
294, -47.93, .08
294, -29.71, .08
294, -12.21, .08
294, -5.11, .08
294, 6.32, .08
294, 11.07, .08
294, 13.24, .08
294, 15.91, .08
294, 15.44, .08
294, 19.63, .08
294, 19.05, .08
294, 19.39, .08
294, 19.78, .08
294, 20.78, .08
294, 19.78, .08
294, 19.78, .08
294, 20.08, .08
294, 21.17, .08
294, 17.52, .08
294, 18.78, .08
294, 17.80, .08
294, 17.17, .08
294, 17.36, .08
294, 19.48, .08
294, 20.89, .08
294, 20.89, .08
294, 18.92, .08
294, 19.78, .08
294, 21.17, .08
294, 18.43, .08
294, 19.63, .08
294, 17.64, .08
294, 18.60, .08
294, 18.25, .08
294, 19.58, .08
294, 19.20, .08
294, 17.56, .08
294, 18.87, .08
294, 19.05, .08
294, 19.10, .08
294, 17.40, .08
294, 18.34, .08
294, 18.13, .08
294, 16.73, .08
294, 17.56, .08
294, 17.02, .08
294, 17.48, .08
294, 18.17, .08
294, 16.38, .08
294, 15.78, .08
294, 18.17, .08
294, 17.84, .08
294, 15.02, .08
294, 16.17, .08
294, 15.20, .08
294, 15.81, .08
294, 16.08, .08
294, 14.23, .08
294, 16.98, .08
294, 15.91, .08
294, 14.91, .08
294, 14.05, .08
294, 13.83, .08
294, 16.34, .08
294, 15.29, .08
294, 14.44, .08
294, 14.58, .08
294, 14.77, .08
294, 13.80, .08
294, 13.90, .08
294, 13.71, .08
294, 14.52, .08
294, 14.80, .08
294, 13.35, .08
294, 15.81, .08
294, 14.66, .08
294, 13.83, .08
294, 14.03, .08
294, 14.85, .08
294, 14.41, .08
294, 12.00, .08
294, 12.62, .08
294, 13.38, .08
294, 11.73, .08
294, 12.26, .08
294, 14.08, .08
294, 13.33, .08
294, 13.13, .08
294, 13.33, .08
294, 13.49, .08
294, 12.54, .08
294, 11.57, .08
294, 13.11, .08
294, 12.70, .08
294, 12.02, .08
294, 13.13, .08
294, 12.25, .08
294, 11.57, .08
294, 13.38, .08
294, 13.06, .08
294, 13.06, .08
294, 12.11, .08
294, 13.56, .08
294, 13.31, .08
294, 12.66, .08
294, 12.85, .08
294, 14.13, .08
294, 15.29, .08
294, 15.26, .08
294, 14.49, .08
294, 14.26, .08
294, 14.80, .08
294, 15.23, .08
294, 13.61, .08
294, 14.13, .08
294, 15.38, .08
294, 15.72, .08
294, 14.13, .08
294, 14.31, .08
294, 16.14, .08
294, 15.47, .08
294, 14.49, .08
294, 17.44, .08
294, 14.41, .08
294, 15.47, .08
294, 16.31, .08
294, 15.56, .08
294, 15.47, .08
294, 16.69, .08
294, 17.28, .08
294, 17.36, .08
294, 15.81, .08
294, 15.53, .08
294, 18.21, .08
294, 16.31, .08
294, 16.01, .08
294, 16.91, .08
294, 19.05, .08
294, 18.47, .08
294, 19.63, .08
294, 18.38, .08
294, 19.63, .08
294, 18.83, .08
294, 19.93, .08
294, 18.78, .08
294, 19.93, .08
294, 19.01, .08
294, 20.35, .08
294, 19.20, .08
294, 18.47, .08
294, 18.00, .08
294, 17.44, .08
294, 21.40, .08
294, 20.40, .08
294, 20.40, .08
294, 18.30, .08
294, 17.88, .08
294, 19.58, .08
294, 20.45, .08
294, 19.34, .08
294, 18.92, .08
294, 19.83, .08
294, 20.08, .08
294, 18.30, .08
294, 18.69, .08
294, 19.53, .08
294, 21.00, .08
294, 19.93, .08
294, 19.29, .08
294, 18.56, .08
294, 20.95, .08
294, 22.01, .08
294, 18.00, .08
294, 19.24, .08
294, 21.70, .08
294, 21.64, .08
294, 20.29, .08
294, 18.21, .08
294, 19.15, .08
294, 19.34, .08
294, 19.39, .08
294, 19.63, .08
294, 19.39, .08
294, 18.21, .08
294, 19.01, .08
294, 18.25, .08
294, 19.10, .08
294, 20.08, .08
294, 18.96, .08
294, 19.83, .08
294, 18.38, .08
294, 19.39, .08
294, 18.30, .08
294, 17.32, .08
294, 18.30, .08
294, 17.28, .08
294, 18.00, .08
294, 17.21, .08
294, 16.77, .08
294, 17.68, .08
294, 17.56, .08
294, 15.98, .08
294, 19.01, .08
294, 18.87, .08
294, 15.66, .08
294, 17.88, .08
294, 18.21, .08
294, 16.21, .08
294, 18.04, .08
294, 17.13, .08
294, 15.91, .08
294, 15.26, .08
294, 15.32, .08
294, 15.50, .08
294, 15.50, .08
294, 14.23, .08
294, 15.66, .08
294, 14.94, .08
294, 15.81, .08
294, 16.21, .08
294, 14.49, .08
294, 17.40, .08
294, 16.48, .08
294, 15.29, .08
294, 15.66, .08
294, 16.77, .08
294, 13.80, .08
294, 15.00, .08
294, 15.85, .08
294, 14.91, .08
294, 14.94, .08
294, 15.56, .08
294, 14.74, .08
294, 16.98, .08
294, 14.71, .08
294, 16.11, .08
294, 14.97, .08
294, 16.04, .08
294, 14.97, .08
294, 17.80, .08
294, 14.71, .08
294, 17.25, .08
294, 15.62, .08
294, 17.84, .08
294, 16.91, .08
294, 16.62, .08
294, 17.06, .08
294, 15.50, .08
294, 18.60, .08
294, 15.38, .08
294, 18.00, .08
294, 18.17, .08
294, 15.85, .08
294, 16.38, .08
294, 18.47, .08
294, 17.68, .08
294, 16.59, .08
294, 17.76, .08
294, 17.76, .08
294, 17.96, .08
294, 18.43, .08
294, 17.10, .08
294, 18.56, .08
294, 18.87, .08
294, 19.24, .08
294, 17.60, .08
294, 18.96, .08
294, 19.10, .08
294, 19.39, .08
294, 17.76, .08
294, 18.17, .08
294, 18.92, .08
294, 18.30, .08
294, 19.53, .08
294, 20.35, .08
294, 19.58, .08
294, 20.56, .08
294, 18.08, .08
294, 18.65, .08
294, 18.08, .08
294, 17.44, .08
294, 21.64, .08
294, 20.51, .08
294, 20.45, .08
294, 18.21, .08
294, 17.64, .08
294, 19.15, .08
294, 19.93, .08
294, 21.23, .08
294, 21.11, .08
294, 19.83, .08
294, 17.96, .08
294, 18.96, .08
336, -76.59, .16
336, -24.65, .16
336, -81.38, .16
336, -90.84, .16
336, -95.27, .16
336, -85.85, .16
336, -159.44, .16
336, -150.24, .16
336, -69.14, .16
336, -42.93, .16
336, -62.00, .16
336, -44.39, .16
336, -600.96, .16
336, -43.40, .16
336, -66.21, .16
336, -710.23, .16
336, 132.42, .16
336, -153.19, .16
336, 60.56, .16
336, -43.16, .16
336, -110.04, .16
336, -289.35, .16
336, -1116.07, .16
336, -124.01, .16
336, -97.66, .16
336, -45.69, .16
336, -40.48, .16
336, -111.61, .16
336, -600.96, .16
336, -40.69, .16
336, -42.46, .16
336, 68.53, .16
336, -69.14, .16
336, -42.46, .16
336, -113.22, .16
336, -137.06, .16
336, -124.01, .16
336, 144.68, .16
336, -488.28, .16
336, 70.38, .16
336, -45.69, .16
336, -223.21, .16
336, -116.60, .16
336, -69.75, .16
336, -120.19, .16
336, -150.24, .16
336, 156.25, .16
336, -54.63, .16
336, -98.89, .16
336, -43.40, .16
336, -118.37, .16
336, -390.63, .16
336, -64.04, .16
336, 223.21, .16
336, -81.38, .16
336, 312.50, .16
336, -211.15, .16
336, -81.38, .16
336, -96.45, .16
336, -111.61, .16
336, 488.28, .16
336, -42.93, .16
336, 1953.13, .16
336, 1116.07, .16
336, 244.14, .16
336, 868.06, .16
336, -236.74, .16
336, 53.88, .16
336, 279.02, .16
336, -710.23, .16
336, -2604.17, .16
336, -75.85, .16
336, 53.15, .16
336, -144.68, .16
336, 144.68, .16
336, -111.61, .16
336, 651.04, .16
336, -39.86, .16
336, 229.78, .16
336, 65.65, .16
336, -1953.13, .16
336, -355.11, .16
336, 390.63, .16
336, -54.25, .16
336, 76.59, .16
336, 96.45, .16
336, -260.42, .16
336, -102.80, .16
336, -71.02, .16
336, -46.23, .16
336, 300.48, .16
336, -162.76, .16
336, -710.23, .16
336, 153.19, .16
336, 75.85, .16
336, -411.18, .16
336, -59.19, .16
336, -77.35, .16
336, 205.59, .16
336, -173.61, .16
336, -45.69, .16
336, -372.02, .16
336, -134.70, .16
336, 390.63, .16
336, -76.59, .16
336, 60.10, .16
336, -132.42, .16
336, -122.07, .16
336, -72.34, .16
336, -147.41, .16
336, -61.04, .16
336, -205.59, .16
336, -53.15, .16
336, -43.89, .16
336, -159.44, .16
336, -42.69, .16
336, -236.74, .16
336, -64.57, .16
336, -128.07, .16
336, -90.84, .16
336, -42.46, .16
336, -43.40, .16
336, 355.11, .16
336, -74.40, .16
336, -41.56, .16
336, 83.11, .16
336, -64.57, .16
336, -260.42, .16
336, -236.74, .16
336, -108.51, .16
336, 77.35, .16
336, -40.90, .16
336, -98.89, .16
336, -269.40, .16
336, 976.56, .16
336, -339.67, .16
336, -61.52, .16
336, -75.85, .16
336, 113.22, .16
336, 65.10, .16
336, -144.68, .16
336, -87.78, .16
336, -153.19, .16
336, 85.85, .16
336, -173.61, .16
336, -104.17, .16
336, -71.67, .16
336, -150.24, .16
336, -61.52, .16
336, -1953.13, .16
336, -229.78, .16
336, -107.02, .16
336, -89.80, .16
336, -459.56, .16
336, -217.01, .16
336, -91.91, .16
336, -111.61, .16
336, -1116.07, .16
336, -42.46, .16
336, -162.76, .16
336, -82.24, .16
336, 126.01, .16
336, -37.38, .16
336, -142.05, .16
336, -39.66, .16
336, -55.41, .16
336, -1953.13, .16
336, -244.14, .16
336, -372.02, .16
336, -156.25, .16
336, 53.88, .16
336, -390.63, .16
336, 147.41, .16
336, 57.44, .16
336, -95.27, .16
336, -40.90, .16
336, -105.57, .16
336, -42.23, .16
336, -39.66, .16
336, -62.00, .16
336, -186.01, .16
336, -41.12, .16
336, -83.11, .16
336, -2604.17, .16
336, -150.24, .16
336, 868.06, .16
336, -42.93, .16
336, -1116.07, .16
336, -44.39, .16
336, -244.14, .16
336, 76.59, .16
336, -147.41, .16
336, -46.50, .16
336, -190.55, .16
336, 85.85, .16
336, -558.04, .16
336, -781.25, .16
336, -43.89, .16
336, -102.80, .16
336, -42.69, .16
336, 150.24, .16
336, -144.68, .16
336, 63.52, .16
336, -42.93, .16
336, -59.64, .16
336, -114.89, .16
336, -94.13, .16
336, -45.96, .16
336, -128.07, .16
336, -558.04, .16
336, -868.06, .16
336, -43.16, .16
336, -39.66, .16
336, 53.51, .16
336, -181.69, .16
336, -110.04, .16
336, -78.12, .16
336, -113.22, .16
336, 84.92, .16
336, -42.93, .16
336, 2604.17, .16
336, -177.56, .16
336, -153.19, .16
336, -67.93, .16
336, -85.85, .16
336, 67.35, .16
336, -173.61, .16
336, -45.16, .16
336, -57.03, .16
336, -90.84, .16
336, 217.01, .16
336, -63.00, .16
336, 78.12, .16
336, -82.24, .16
336, 434.03, .16
336, -132.42, .16
336, -134.70, .16
336, 120.19, .16
336, 71.67, .16
336, -44.39, .16
336, -61.04, .16
336, 62.50, .16
336, -45.69, .16
336, -55.80, .16
336, -105.57, .16
336, -71.02, .16
336, -104.17, .16
336, -976.56, .16
336, -62.50, .16
336, 169.84, .16
336, -39.06, .16
336, -2604.17, .16
336, -41.12, .16
336, -60.56, .16
336, -40.06, .16
336, -339.67, .16
336, -39.46, .16
336, 390.63, .16
336, -39.66, .16
336, -53.15, .16
336, 53.15, .16
336, -95.27, .16
336, -137.06, .16
336, -55.02, .16
336, -132.42, .16
336, -105.57, .16
336, -77.35, .16
378, 21.82, .21
378, 33.53, .21
378, 45.42, .21
378, 54.63, .21
378, 59.64, .21
378, 54.63, .21
378, 61.52, .21
378, 67.93, .21
378, 66.77, .21
378, 64.04, .21
378, 66.77, .21
378, 63.00, .21
378, 71.67, .21
378, 66.77, .21
378, 63.52, .21
378, 66.77, .21
378, 71.67, .21
378, 65.65, .21
378, 71.02, .21
378, 79.72, .21
378, 69.14, .21
378, 70.38, .21
378, 69.75, .21
378, 71.02, .21
378, 83.11, .21
378, 83.11, .21
378, 75.85, .21
378, 71.67, .21
378, 76.59, .21
378, 73.70, .21
378, 84.92, .21
378, 84.01, .21
378, 75.12, .21
378, 77.35, .21
378, 74.40, .21
378, 79.72, .21
378, 75.85, .21
378, 79.72, .21
378, 70.38, .21
378, 70.38, .21
378, 73.70, .21
378, 73.70, .21
378, 73.01, .21
378, 77.35, .21
378, 78.12, .21
378, 77.35, .21
378, 78.12, .21
378, 78.12, .21
378, 78.12, .21
378, 75.12, .21
378, 75.12, .21
378, 75.85, .21
378, 75.85, .21
378, 76.59, .21
378, 72.34, .21
378, 79.72, .21
378, 76.59, .21
378, 78.91, .21
378, 71.67, .21
378, 73.70, .21
378, 81.38, .21
378, 70.38, .21
378, 80.54, .21
378, 79.72, .21
378, 70.38, .21
378, 70.38, .21
378, 69.75, .21
378, 69.14, .21
378, 77.35, .21
378, 77.35, .21
378, 66.21, .21
378, 75.85, .21
378, 72.34, .21
378, 66.77, .21
378, 72.34, .21
378, 73.70, .21
378, 67.93, .21
378, 72.34, .21
378, 72.34, .21
378, 72.34, .21
378, 72.34, .21
378, 77.35, .21
378, 77.35, .21
378, 78.12, .21
378, 75.85, .21
378, 76.59, .21
378, 76.59, .21
378, 73.01, .21
378, 80.54, .21
378, 77.35, .21
378, 78.91, .21
378, 78.12, .21
378, 73.70, .21
378, 82.24, .21
378, 71.02, .21
378, 81.38, .21
378, 84.01, .21
378, 75.85, .21
378, 75.12, .21
378, 69.75, .21
378, 76.59, .21
378, 75.85, .21
378, 74.40, .21
378, 74.40, .21
378, 74.40, .21
378, 74.40, .21
378, 74.40, .21
378, 74.40, .21
378, 71.02, .21
378, 71.02, .21
378, 71.67, .21
378, 83.11, .21
378, 69.75, .21
378, 84.01, .21
378, 75.12, .21
378, 76.59, .21
378, 73.70, .21
378, 80.54, .21
378, 81.38, .21
378, 71.67, .21
378, 75.85, .21
378, 79.72, .21
378, 76.59, .21
378, 75.85, .21
378, 75.85, .21
378, 75.12, .21
378, 74.40, .21
378, 73.01, .21
378, 73.01, .21
378, 72.34, .21
378, 74.40, .21
378, 70.38, .21
378, 74.40, .21
378, 69.75, .21
378, 68.53, .21
378, 70.38, .21
378, 69.75, .21
378, 78.91, .21
378, 66.21, .21
378, 80.54, .21
378, 69.75, .21
378, 69.75, .21
378, 71.02, .21
378, 71.67, .21
378, 83.11, .21
378, 84.92, .21
378, 69.75, .21
378, 84.01, .21
378, 76.59, .21
378, 74.40, .21
378, 81.38, .21
378, 75.12, .21
378, 72.34, .21
378, 75.85, .21
378, 80.54, .21
378, 76.59, .21
378, 75.85, .21
378, 76.59, .21
378, 76.59, .21
378, 71.67, .21
378, 71.02, .21
378, 78.12, .21
378, 77.35, .21
378, 77.35, .21
378, 77.35, .21
378, 77.35, .21
378, 77.35, .21
378, 77.35, .21
378, 77.35, .21
378, 73.70, .21
378, 74.40, .21
378, 77.35, .21
378, 78.12, .21
378, 71.67, .21
378, 77.35, .21
378, 73.70, .21
378, 82.24, .21
378, 81.38, .21
378, 73.01, .21
378, 84.92, .21
378, 75.85, .21
378, 71.02, .21
378, 77.35, .21
378, 76.59, .21
378, 73.70, .21
378, 73.70, .21
378, 72.34, .21
378, 73.70, .21
378, 66.77, .21
378, 71.02, .21
378, 77.35, .21
378, 75.12, .21
378, 65.10, .21
378, 67.35, .21
378, 71.67, .21
378, 72.34, .21
378, 70.38, .21
378, 75.12, .21
378, 68.53, .21
378, 73.70, .21
378, 73.70, .21
378, 75.12, .21
378, 75.12, .21
378, 75.85, .21
378, 72.34, .21
378, 79.72, .21
378, 75.85, .21
378, 78.91, .21
378, 72.34, .21
378, 78.12, .21
378, 82.24, .21
378, 71.02, .21
378, 81.38, .21
378, 84.01, .21
378, 75.85, .21
378, 70.38, .21
378, 70.38, .21
378, 76.59, .21
378, 75.12, .21
378, 74.40, .21
378, 74.40, .21
378, 74.40, .21
378, 73.70, .21
378, 73.70, .21
378, 73.70, .21
378, 73.70, .21
378, 74.40, .21
378, 71.02, .21
378, 71.02, .21
378, 84.01, .21
378, 84.01, .21
378, 69.75, .21
378, 84.01, .21
378, 75.85, .21
378, 74.40, .21
378, 81.38, .21
378, 81.38, .21
378, 72.34, .21
378, 80.54, .21
378, 78.12, .21
378, 76.59, .21
378, 73.70, .21
378, 72.34, .21
378, 78.12, .21
378, 74.40, .21
378, 73.70, .21
378, 72.34, .21
378, 75.85, .21
378, 67.93, .21
378, 71.67, .21
378, 71.67, .21
378, 71.02, .21
378, 69.75, .21
378, 66.21, .21
378, 69.75, .21
378, 75.12, .21
378, 69.14, .21
378, 71.67, .21
378, 71.02, .21
378, 71.67, .21
378, 71.67, .21
378, 73.01, .21
378, 73.70, .21
378, 75.12, .21
378, 75.85, .21
378, 80.54, .21
378, 75.85, .21
378, 81.38, .21
378, 72.34, .21
378, 81.38, .21
378, 77.35, .21
378, 77.35, .21
378, 73.70, .21
378, 79.72, .21
378, 76.59, .21
378, 78.12, .21
378, 71.02, .21
378, 76.59, .21
378, 76.59, .21
378, 71.67, .21
378, 72.34, .21
378, 71.67, .21
378, 71.67, .21
378, 79.72, .21
378, 79.72, .21
378, 79.72, .21
378, 79.72, .21
378, 69.14, .21
378, 69.75, .21
378, 80.54, .21
378, 71.67, .21
378, 84.92, .21
378, 75.85, .21
378, 71.67, .21
420, -73.01, .26
420, -55.02, .26
420, -195.31, .26
420, -67.35, .26
420, -144.68, .26
420, -144.68, .26
420, -82.24, .26
420, -1562.50, .26
420, -98.89, .26
420, -85.85, .26
420, -159.44, .26
420, -98.89, .26
420, -101.46, .26
420, -105.57, .26
420, -97.66, .26
420, -93.01, .26
420, -104.17, .26
420, -94.13, .26
420, -144.68, .26
420, -173.61, .26
420, -90.84, .26
420, -102.80, .26
420, -107.02, .26
420, 781.25, .26
420, -94.13, .26
420, -105.57, .26
420, -108.51, .26
420, -97.66, .26
420, -710.23, .26
420, -93.01, .26
420, -102.80, .26
420, -110.04, .26
420, 520.83, .26
420, -132.42, .26
420, -94.13, .26
420, -105.57, .26
420, -97.66, .26
420, -1953.13, .26
420, -97.66, .26
420, -94.13, .26
420, -102.80, .26
420, -2604.17, .26
420, -355.11, .26
420, -107.02, .26
420, -104.17, .26
420, -1953.13, .26
420, 868.06, .26
420, -97.66, .26
420, -108.51, .26
420, -2604.17, .26
420, -110.04, .26
420, -96.45, .26
420, -90.84, .26
420, -101.46, .26
420, -94.13, .26
420, -520.83, .26
420, -108.51, .26
420, -186.01, .26
420, -95.27, .26
420, -98.89, .26
420, 1953.13, .26
420, 312.50, .26
420, -94.13, .26
420, -102.80, .26
420, -110.04, .26
420, -488.28, .26
420, -1562.50, .26
420, -101.46, .26
420, -101.46, .26
420, -97.66, .26
420, -104.17, .26
420, -97.66, .26
420, 558.04, .26
420, -93.01, .26
420, -118.37, .26
420, -100.16, .26
420, -102.80, .26
420, -98.89, .26
420, -93.01, .26
420, -102.80, .26
420, 137.06, .26
420, -98.89, .26
420, -96.45, .26
420, -104.17, .26
420, 976.56, .26
420, -97.66, .26
420, -110.04, .26
420, -102.80, .26
420, 177.56, .26
420, -101.46, .26
420, -97.66, .26
420, -98.89, .26
420, -97.66, .26
420, -100.16, .26
420, -96.45, .26
420, -100.16, .26
420, -95.27, .26
420, -98.89, .26
420, -95.27, .26
420, -98.89, .26
420, -976.56, .26
420, -98.89, .26
420, -122.07, .26
420, -166.22, .26
420, -104.17, .26
420, -100.16, .26
420, -95.27, .26
420, -186.01, .26
420, -520.83, .26
420, -96.45, .26
420, 147.41, .26
420, -173.61, .26
420, -96.45, .26
420, -118.37, .26
420, -113.22, .26
420, -100.16, .26
420, -102.80, .26
420, -101.46, .26
420, -90.84, .26
420, -132.42, .26
420, -94.13, .26
420, -104.17, .26
420, -108.51, .26
420, -355.11, .26
420, -190.55, .26
420, -289.35, .26
420, -101.46, .26
420, -101.46, .26
420, -488.28, .26
420, 520.83, .26
420, -95.27, .26
420, -120.19, .26
420, -98.89, .26
420, -355.11, .26
420, -1953.13, .26
420, -101.46, .26
420, -520.83, .26
420, -169.84, .26
420, -93.01, .26
420, -100.16, .26
420, -93.01, .26
420, -101.46, .26
420, -111.61, .26
420, -156.25, .26
420, -98.89, .26
420, -107.02, .26
420, -1953.13, .26
420, -520.83, .26
420, -325.52, .26
420, -1953.13, .26
420, -96.45, .26
420, -390.63, .26
420, -95.27, .26
420, -90.84, .26
420, 211.15, .26
420, -339.67, .26
420, -156.25, .26
420, -98.89, .26
420, 976.56, .26
420, -94.13, .26
420, -96.45, .26
420, -1953.13, .26
420, -101.46, .26
420, 289.35, .26
420, -520.83, .26
420, -100.16, .26
420, -102.80, .26
420, -110.04, .26
420, -104.17, .26
420, -107.02, .26
420, -98.89, .26
420, -97.66, .26
420, -98.89, .26
420, 260.42, .26
420, -124.01, .26
420, -95.27, .26
420, -104.17, .26
420, -488.28, .26
420, -97.66, .26
420, -96.45, .26
420, -104.17, .26
420, -122.07, .26
420, -236.74, .26
420, 1302.08, .26
420, -98.89, .26
420, -279.02, .26
420, -105.57, .26
420, -98.89, .26
420, -97.66, .26
420, -101.46, .26
420, -96.45, .26
420, -98.89, .26
420, -107.02, .26
420, -93.01, .26
420, -105.57, .26
420, -97.66, .26
420, -100.16, .26
420, -102.80, .26
420, -94.13, .26
420, -132.42, .26
420, -96.45, .26
420, -2604.17, .26
420, -97.66, .26
420, -107.02, .26
420, -98.89, .26
420, -102.80, .26
420, -111.61, .26
420, -2604.17, .26
420, -114.89, .26
420, -1116.07, .26
420, -101.46, .26
420, -111.61, .26
420, 1953.13, .26
420, -488.28, .26
420, -105.57, .26
420, -339.67, .26
420, -104.17, .26
420, -93.01, .26
420, -104.17, .26
420, 2604.17, .26
420, -100.16, .26
420, -101.46, .26
420, -105.57, .26
420, -108.51, .26
420, -110.04, .26
420, -411.18, .26
420, 144.68, .26
420, -98.89, .26
420, -97.66, .26
420, -100.16, .26
420, -2604.17, .26
420, -87.78, .26
420, 312.50, .26
420, -96.45, .26
420, -107.02, .26
420, -1302.08, .26
420, -102.80, .26
420, -94.13, .26
420, -124.01, .26
420, -166.22, .26
420, -91.91, .26
420, -1953.13, .26
420, -101.46, .26
420, 108.51, .26
420, -95.27, .26
420, -98.89, .26
420, -289.35, .26
420, 300.48, .26
420, -95.27, .26
420, -98.89, .26
420, -107.02, .26
420, -97.66, .26
420, -372.02, .26
420, -97.66, .26
420, -105.57, .26
420, -459.56, .26
420, -100.16, .26
420, -205.59, .26
420, -104.17, .26
420, -100.16, .26
420, -101.46, .26
462, -23.39, .34
462, -15.05, .34
462, 32.96, .34
462, 55.41, .34
462, 71.67, .34
462, 78.91, .34
462, 96.45, .34
462, 94.13, .34
462, 101.46, .34
462, 116.60, .34
462, 111.61, .34
462, 118.37, .34
462, 120.19, .34
462, 114.89, .34
462, 130.21, .34
462, 126.01, .34
462, 126.01, .34
462, 126.01, .34
462, 139.51, .34
462, 126.01, .34
462, 142.05, .34
462, 122.07, .34
462, 134.70, .34
462, 134.70, .34
462, 137.06, .34
462, 132.42, .34
462, 132.42, .34
462, 124.01, .34
462, 130.21, .34
462, 128.07, .34
462, 142.05, .34
462, 120.19, .34
462, 137.06, .34
462, 128.07, .34
462, 132.42, .34
462, 128.07, .34
462, 122.07, .34
462, 128.07, .34
462, 128.07, .34
462, 147.41, .34
462, 132.42, .34
462, 132.42, .34
462, 126.01, .34
462, 124.01, .34
462, 132.42, .34
462, 132.42, .34
462, 126.01, .34
462, 128.07, .34
462, 137.06, .34
462, 126.01, .34
462, 142.05, .34
462, 128.07, .34
462, 132.42, .34
462, 144.68, .34
462, 139.51, .34
462, 142.05, .34
462, 132.42, .34
462, 134.70, .34
462, 137.06, .34
462, 132.42, .34
462, 128.07, .34
462, 130.21, .34
462, 128.07, .34
462, 126.01, .34
462, 139.51, .34
462, 130.21, .34
462, 128.07, .34
462, 130.21, .34
462, 126.01, .34
462, 130.21, .34
462, 130.21, .34
462, 144.68, .34
462, 147.41, .34
462, 132.42, .34
462, 120.19, .34
462, 126.01, .34
462, 124.01, .34
462, 132.42, .34
462, 132.42, .34
462, 130.21, .34
462, 137.06, .34
462, 137.06, .34
462, 126.01, .34
462, 144.68, .34
462, 142.05, .34
462, 134.70, .34
462, 134.70, .34
462, 128.07, .34
462, 122.07, .34
462, 126.01, .34
462, 134.70, .34
462, 126.01, .34
462, 128.07, .34
462, 132.42, .34
462, 126.01, .34
462, 122.07, .34
462, 137.06, .34
462, 134.70, .34
462, 132.42, .34
462, 130.21, .34
462, 139.51, .34
462, 137.06, .34
462, 139.51, .34
462, 130.21, .34
462, 142.05, .34
462, 147.41, .34
462, 132.42, .34
462, 122.07, .34
462, 126.01, .34
462, 124.01, .34
462, 132.42, .34
462, 134.70, .34
462, 126.01, .34
462, 130.21, .34
462, 126.01, .34
462, 132.42, .34
462, 128.07, .34
462, 130.21, .34
462, 124.01, .34
462, 128.07, .34
462, 132.42, .34
462, 122.07, .34
462, 126.01, .34
462, 137.06, .34
462, 124.01, .34
462, 124.01, .34
462, 137.06, .34
462, 128.07, .34
462, 139.51, .34
462, 128.07, .34
462, 130.21, .34
462, 137.06, .34
462, 130.21, .34
462, 134.70, .34
462, 139.51, .34
462, 134.70, .34
462, 137.06, .34
462, 142.05, .34
462, 126.01, .34
462, 130.21, .34
462, 130.21, .34
462, 144.68, .34
462, 126.01, .34
462, 118.37, .34
462, 124.01, .34
462, 139.51, .34
462, 126.01, .34
462, 134.70, .34
462, 128.07, .34
462, 137.06, .34
462, 142.05, .34
462, 126.01, .34
462, 132.42, .34
462, 128.07, .34
462, 142.05, .34
462, 128.07, .34
462, 128.07, .34
462, 134.70, .34
462, 130.21, .34
462, 130.21, .34
462, 120.19, .34
462, 126.01, .34
462, 120.19, .34
462, 128.07, .34
462, 130.21, .34
462, 126.01, .34
462, 139.51, .34
462, 132.42, .34
462, 134.70, .34
462, 137.06, .34
462, 132.42, .34
462, 139.51, .34
462, 124.01, .34
462, 137.06, .34
462, 130.21, .34
462, 144.68, .34
462, 134.70, .34
462, 142.05, .34
462, 139.51, .34
462, 139.51, .34
462, 134.70, .34
462, 134.70, .34
462, 134.70, .34
462, 128.07, .34
462, 132.42, .34
462, 128.07, .34
462, 128.07, .34
462, 128.07, .34
462, 124.01, .34
462, 128.07, .34
462, 137.06, .34
462, 130.21, .34
462, 128.07, .34
462, 126.01, .34
462, 137.06, .34
462, 128.07, .34
462, 122.07, .34
462, 130.21, .34
462, 122.07, .34
462, 142.05, .34
462, 139.51, .34
462, 139.51, .34
462, 124.01, .34
462, 130.21, .34
462, 130.21, .34
462, 137.06, .34
462, 137.06, .34
462, 128.07, .34
462, 142.05, .34
462, 147.41, .34
462, 132.42, .34
462, 122.07, .34
462, 144.68, .34
462, 142.05, .34
462, 142.05, .34
462, 132.42, .34
462, 132.42, .34
462, 126.01, .34
462, 128.07, .34
462, 134.70, .34
462, 128.07, .34
462, 122.07, .34
462, 130.21, .34
462, 120.19, .34
462, 124.01, .34
462, 137.06, .34
462, 132.42, .34
462, 139.51, .34
462, 124.01, .34
462, 132.42, .34
462, 132.42, .34
462, 144.68, .34
462, 144.68, .34
462, 130.21, .34
462, 120.19, .34
462, 126.01, .34
462, 139.51, .34
462, 124.01, .34
462, 134.70, .34
462, 132.42, .34
462, 139.51, .34
462, 137.06, .34
462, 139.51, .34
462, 130.21, .34
462, 147.41, .34
462, 124.01, .34
462, 128.07, .34
462, 134.70, .34
462, 142.05, .34
462, 122.07, .34
462, 122.07, .34
462, 124.01, .34
462, 134.70, .34
462, 130.21, .34
462, 128.07, .34
462, 124.01, .34
462, 118.37, .34
462, 137.06, .34
462, 139.51, .34
462, 126.01, .34
462, 132.42, .34
462, 128.07, .34
462, 134.70, .34
462, 142.05, .34
462, 126.01, .34
462, 139.51, .34
462, 128.07, .34
462, 122.07, .34
462, 128.07, .34
462, 132.42, .34
462, 137.06, .34
462, 128.07, .34
462, 126.01, .34
504, 69.14, .46
504, 173.61, .46
504, 84.01, .46
504, -105.57, .46
504, -34.42, .46
504, -459.56, .46
504, 142.05, .46
504, -97.66, .46
504, -122.07, .46
504, -126.01, .46
504, -1953.13, .46
504, -144.68, .46
504, 186.01, .46
504, -134.70, .46
504, -137.06, .46
504, -142.05, .46
504, -156.25, .46
504, -134.70, .46
504, -600.96, .46
504, 150.24, .46
504, -147.41, .46
504, -150.24, .46
504, -153.19, .46
504, -150.24, .46
504, -156.25, .46
504, 244.14, .46
504, -153.19, .46
504, -153.19, .46
504, -147.41, .46
504, -147.41, .46
504, -156.25, .46
504, -162.76, .46
504, -150.24, .46
504, -144.68, .46
504, -411.18, .46
504, -153.19, .46
504, -144.68, .46
504, -147.41, .46
504, -153.19, .46
504, -162.76, .46
504, -150.24, .46
504, -2604.17, .46
504, -339.67, .46
504, -153.19, .46
504, -156.25, .46
504, -186.01, .46
504, -144.68, .46
504, -150.24, .46
504, -142.05, .46
504, -150.24, .46
504, -166.22, .46
504, -153.19, .46
504, -142.05, .46
504, -159.44, .46
504, -153.19, .46
504, -156.25, .46
504, -162.76, .46
504, -147.41, .46
504, -459.56, .46
504, -520.83, .46
504, -600.96, .46
504, -159.44, .46
504, -150.24, .46
504, -166.22, .46
504, -156.25, .46
504, -156.25, .46
504, 2604.17, .46
504, -153.19, .46
504, -2604.17, .46
504, -434.03, .46
504, -166.22, .46
504, -211.15, .46
504, -156.25, .46
504, -153.19, .46
504, -166.22, .46
504, -150.24, .46
504, -162.76, .46
504, -147.41, .46
504, -142.05, .46
504, -159.44, .46
504, -147.41, .46
504, -186.01, .46
504, -156.25, .46
504, -150.24, .46
504, -153.19, .46
504, -651.04, .46
504, -147.41, .46
504, -153.19, .46
504, -411.18, .46
504, -150.24, .46
504, -169.84, .46
504, -150.24, .46
504, -159.44, .46
504, -153.19, .46
504, 434.03, .46
504, -169.84, .46
504, -147.41, .46
504, -153.19, .46
504, -147.41, .46
504, -147.41, .46
504, -153.19, .46
504, -153.19, .46
504, -142.05, .46
504, -156.25, .46
504, -156.25, .46
504, -159.44, .46
504, -153.19, .46
504, -150.24, .46
504, 976.56, .46
504, -156.25, .46
504, -229.78, .46
504, -166.22, .46
504, -159.44, .46
504, -153.19, .46
504, -159.44, .46
504, -147.41, .46
504, 459.56, .46
504, -150.24, .46
504, -159.44, .46
504, -162.76, .46
504, -150.24, .46
504, 260.42, .46
504, -205.59, .46
504, -153.19, .46
504, -162.76, .46
504, -166.22, .46
504, -156.25, .46
504, -159.44, .46
504, -139.51, .46
504, -156.25, .46
504, -260.42, .46
504, -159.44, .46
504, -156.25, .46
504, -166.22, .46
504, -153.19, .46
504, -159.44, .46
504, 205.59, .46
504, -520.83, .46
504, -190.55, .46
504, -156.25, .46
504, -162.76, .46
504, -150.24, .46
504, -166.22, .46
504, -150.24, .46
504, -159.44, .46
504, -1116.07, .46
504, -162.76, .46
504, -169.84, .46
504, -781.25, .46
504, -153.19, .46
504, -166.22, .46
504, -153.19, .46
504, -150.24, .46
504, -153.19, .46
504, -159.44, .46
504, -162.76, .46
504, -252.02, .46
504, -166.22, .46
504, -162.76, .46
504, -144.68, .46
504, -142.05, .46
504, -150.24, .46
504, -169.84, .46
504, -289.35, .46
504, -153.19, .46
504, -177.56, .46
504, -156.25, .46
504, -166.22, .46
504, -156.25, .46
504, -153.19, .46
504, -166.22, .46
504, -372.02, .46
504, -150.24, .46
504, -156.25, .46
504, -186.01, .46
504, -162.76, .46
504, -144.68, .46
504, -159.44, .46
504, -781.25, .46
504, -156.25, .46
504, -300.48, .46
504, -144.68, .46
504, -144.68, .46
504, -144.68, .46
504, -162.76, .46
504, -153.19, .46
504, -2604.17, .46
504, -150.24, .46
504, -156.25, .46
504, -558.04, .46
504, -1953.13, .46
504, -2604.17, .46
504, -150.24, .46
504, -153.19, .46
504, -166.22, .46
504, -159.44, .46
504, -153.19, .46
504, -156.25, .46
504, -150.24, .46
504, -166.22, .46
504, 459.56, .46
504, -166.22, .46
504, -153.19, .46
504, -156.25, .46
504, -159.44, .46
504, -153.19, .46
504, -156.25, .46
504, -1562.50, .46
504, -150.24, .46
504, -150.24, .46
504, -153.19, .46
504, -162.76, .46
504, -147.41, .46
504, -150.24, .46
504, -159.44, .46
504, -159.44, .46
504, -150.24, .46
504, -144.68, .46
504, -195.31, .46
504, -211.15, .46
504, -153.19, .46
504, -153.19, .46
504, -147.41, .46
504, -390.63, .46
504, -144.68, .46
504, -252.02, .46
504, -142.05, .46
504, -150.24, .46
504, -144.68, .46
504, -147.41, .46
504, -153.19, .46
504, -651.04, .46
504, -139.51, .46
504, -976.56, .46
504, -434.03, .46
504, -144.68, .46
504, -150.24, .46
504, -159.44, .46
504, -162.76, .46
504, -488.28, .46
504, 651.04, .46
504, -147.41, .46
504, -166.22, .46
504, -162.76, .46
504, -150.24, .46
504, -159.44, .46
504, -162.76, .46
504, 600.96, .46
504, -181.69, .46
504, -156.25, .46
504, -150.24, .46
504, -159.44, .46
504, -150.24, .46
504, -710.23, .46
504, -156.25, .46
546, -67.93, .08
546, -42.69, .08
546, -25.61, .08
546, -16.14, .08
546, -7.60, .08
546, 1.72, .08
546, 8.02, .08
546, 9.70, .08
546, 13.09, .08
546, 13.15, .08
546, 13.40, .08
546, 13.17, .08
546, 13.88, .08
546, 15.85, .08
546, 13.75, .08
546, 16.24, .08
546, 13.31, .08
546, 13.45, .08
546, 13.49, .08
546, 13.90, .08
546, 12.83, .08
546, 13.56, .08
546, 13.93, .08
546, 13.00, .08
546, 13.11, .08
546, 13.11, .08
546, 13.40, .08
546, 14.49, .08
546, 13.68, .08
546, 12.42, .08
546, 13.52, .08
546, 12.83, .08
546, 12.07, .08
546, 13.11, .08
546, 13.29, .08
546, 11.95, .08
546, 12.19, .08
546, 12.83, .08
546, 12.81, .08
546, 13.66, .08
546, 12.58, .08
546, 12.93, .08
546, 14.60, .08
546, 13.80, .08
546, 13.06, .08
546, 12.32, .08
546, 13.06, .08
546, 11.51, .08
546, 11.02, .08
546, 12.85, .08
546, 12.52, .08
546, 11.78, .08
546, 12.77, .08
546, 11.78, .08
546, 13.09, .08
546, 10.33, .08
546, 9.39, .08
546, 9.83, .08
546, 9.74, .08
546, 9.18, .08
546, 8.92, .08
546, 9.80, .08
546, 10.91, .08
546, 9.09, .08
546, 10.20, .08
546, 9.52, .08
546, 9.74, .08
546, 9.96, .08
546, 10.49, .08
546, 10.03, .08
546, 9.22, .08
546, 9.56, .08
546, 9.39, .08
546, 10.02, .08
546, 10.12, .08
546, 11.00, .08
546, 11.49, .08
546, 9.79, .08
546, 9.78, .08
546, 9.91, .08
546, 10.25, .08
546, 9.11, .08
546, 8.99, .08
546, 8.50, .08
546, 9.84, .08
546, 8.39, .08
546, 7.73, .08
546, 8.44, .08
546, 9.31, .08
546, 9.31, .08
546, 8.68, .08
546, 8.70, .08
546, 10.16, .08
546, 9.56, .08
546, 9.88, .08
546, 9.70, .08
546, 10.11, .08
546, 10.73, .08
546, 11.11, .08
546, 10.85, .08
546, 9.96, .08
546, 10.82, .08
546, 11.64, .08
546, 10.73, .08
546, 9.80, .08
546, 10.12, .08
546, 9.75, .08
546, -9.69, .08
546, 10.08, .08
546, 12.13, .08
546, 10.29, .08
546, 11.16, .08
546, 10.79, .08
546, 11.75, .08
546, 10.87, .08
546, 11.82, .08
546, 11.36, .08
546, 12.54, .08
546, 11.37, .08
546, 11.91, .08
546, 10.49, .08
546, 11.05, .08
546, 10.84, .08
546, 12.40, .08
546, 12.30, .08
546, 12.58, .08
546, 11.56, .08
546, 12.32, .08
546, 14.05, .08
546, 13.52, .08
546, 13.49, .08
546, 12.91, .08
546, 14.00, .08
546, 12.26, .08
546, 14.71, .08
546, 14.15, .08
546, 13.38, .08
546, 12.79, .08
546, 13.00, .08
546, 13.45, .08
546, 15.29, .08
546, 14.85, .08
546, 15.35, .08
546, 13.93, .08
546, 14.18, .08
546, 16.01, .08
546, 15.44, .08
546, 14.28, .08
546, 14.33, .08
546, 17.21, .08
546, 15.08, .08
546, 15.32, .08
546, 16.01, .08
546, 15.56, .08
546, 17.72, .08
546, 14.82, .08
546, 16.95, .08
546, 17.28, .08
546, 16.24, .08
546, 16.14, .08
546, 16.77, .08
546, 16.73, .08
546, 15.05, .08
546, 18.04, .08
546, 15.78, .08
546, 16.41, .08
546, 15.56, .08
546, 15.26, .08
546, 15.66, .08
546, 16.01, .08
546, 15.85, .08
546, 17.10, .08
546, 15.05, .08
546, 16.95, .08
546, 15.94, .08
546, 16.45, .08
546, 16.04, .08
546, 18.21, .08
546, 15.14, .08
546, 17.25, .08
546, 14.91, .08
546, 16.34, .08
546, 15.44, .08
546, 16.41, .08
546, 15.05, .08
546, 17.88, .08
546, 14.69, .08
546, 17.10, .08
546, 15.20, .08
546, 17.10, .08
546, 16.08, .08
546, 15.14, .08
546, 15.44, .08
546, 15.05, .08
546, 13.93, .08
546, 15.35, .08
546, 15.26, .08
546, 15.69, .08
546, 15.62, .08
546, 16.08, .08
546, 15.14, .08
546, 14.39, .08
546, 15.29, .08
546, 15.59, .08
546, 15.88, .08
546, 13.78, .08
546, 13.78, .08
546, 14.88, .08
546, 14.03, .08
546, 15.08, .08
546, 14.23, .08
546, 14.03, .08
546, 13.90, .08
546, 14.66, .08
546, 15.00, .08
546, 13.11, .08
546, 15.35, .08
546, 14.44, .08
546, 13.88, .08
546, 13.88, .08
546, 12.60, .08
546, 12.72, .08
546, 13.13, .08
546, 14.23, .08
546, 13.47, .08
546, 12.38, .08
546, 13.85, .08
546, 13.13, .08
546, 14.13, .08
546, 13.49, .08
546, 13.63, .08
546, 14.36, .08
546, 11.64, .08
546, 12.17, .08
546, 11.05, .08
546, 11.19, .08
546, 11.98, .08
546, 10.99, .08
546, 11.70, .08
546, 11.31, .08
546, 12.60, .08
546, 11.70, .08
546, 12.42, .08
546, 10.87, .08
546, 12.19, .08
546, 13.42, .08
546, 11.68, .08
546, 12.06, .08
546, 11.70, .08
546, 12.46, .08
546, 11.31, .08
546, 12.98, .08
546, 11.08, .08
546, 11.64, .08
546, 11.19, .08
546, 11.32, .08
546, 13.56, .08
546, 11.61, .08
546, 12.48, .08
546, 12.34, .08
546, 11.78, .08
546, 11.91, .08
546, 14.08, .08
546, 14.13, .08
546, 11.61, .08
546, 12.34, .08
546, 13.26, .08
546, 12.07, .08
546, 12.64, .08
546, 14.66, .08
546, 13.78, .08
546, 13.47, .08
546, 13.29, .08
546, 12.32, .08
546, 13.83, .08
546, 13.17, .08
546, 12.50, .08
546, 12.72, .08
546, 13.93, .08
546, 15.32, .08
546, 15.59, .08
546, 14.69, .08
546, 14.20, .08
546, 14.71, .08
546, 13.38, .08
546, 13.45, .08
546, 13.63, .08
546, 14.94, .08
546, 14.20, .08
546, 15.35, .08
546, 14.49, .08
546, 14.66, .08
546, 14.52, .08
546, 14.52, .08
546, 13.59, .08
546, 15.20, .08